    0.14350E-06    0.12415E-07    0.12507E-06 0.77787   5.70  12.00 0.19800 2.67407 3.61614
    0.15073E-06    0.12835E-07    0.13521E-06 0.77787   5.70  36.00 0.19800 2.67407 3.61614
    0.14471E-06    0.12488E-07    0.13533E-06 0.77787   5.70  60.00 0.19800 2.67407 3.61614
    0.15190E-06    0.12808E-07    0.13331E-06 0.77787   5.70  84.00 0.19800 2.67407 3.61614
    0.13715E-06    0.13485E-07    0.12859E-06 0.77787   5.70 108.00 0.19800 2.67407 3.61614
    0.13494E-06    0.13126E-07    0.12231E-06 0.77787   5.70 132.00 0.19800 2.67407 3.61614
    0.14781E-06    0.13538E-07    0.11690E-06 0.77787   5.70 156.00 0.19800 2.67407 3.61614
    0.12244E-06    0.10301E-07    0.11476E-06 0.77787   5.70 180.00 0.19800 2.67407 3.61614
    0.11907E-06    0.10219E-07    0.11690E-06 0.77787   5.70 204.00 0.19800 2.67407 3.61614
    0.12435E-06    0.11637E-07    0.12231E-06 0.77787   5.70 228.00 0.19800 2.67407 3.61614
    0.12242E-06    0.12297E-07    0.12859E-06 0.77787   5.70 252.00 0.19800 2.67407 3.61614
    0.13979E-06    0.12216E-07    0.13331E-06 0.77787   5.70 276.00 0.19800 2.67407 3.61614
    0.12594E-06    0.10675E-07    0.13533E-06 0.77787   5.70 300.00 0.19800 2.67407 3.61614
    0.14085E-06    0.12171E-07    0.13521E-06 0.77787   5.70 324.00 0.19800 2.67407 3.61614
    0.14977E-06    0.13018E-07    0.13452E-06 0.77787   5.70 348.00 0.19800 2.67407 3.61614
    0.10341E-06    0.98108E-08    0.10672E-06 0.77924   9.04  12.00 0.25400 2.63499 3.77487
    0.10590E-06    0.99777E-08    0.10929E-06 0.77924   9.04  36.00 0.25400 2.63499 3.77487
    0.10221E-06    0.94177E-08    0.11126E-06 0.77924   9.04  60.00 0.25400 2.63499 3.77487
    0.11490E-06    0.10853E-07    0.10999E-06 0.77924   9.04  84.00 0.25400 2.63499 3.77487
    0.11754E-06    0.11356E-07    0.10409E-06 0.77924   9.04 108.00 0.25400 2.63499 3.77487
    0.95122E-07    0.85557E-08    0.95143E-07 0.77924   9.04 132.00 0.25400 2.63499 3.77487
    0.71676E-07    0.65987E-08    0.87056E-07 0.77924   9.04 156.00 0.25400 2.63499 3.77487
    0.68367E-07    0.72618E-08    0.83805E-07 0.77924   9.04 180.00 0.25400 2.63499 3.77487
    0.61116E-07    0.66025E-08    0.87056E-07 0.77924   9.04 204.00 0.25400 2.63499 3.77487
    0.89678E-07    0.76770E-08    0.95143E-07 0.77924   9.04 228.00 0.25400 2.63499 3.77487
    0.10171E-06    0.99004E-08    0.10409E-06 0.77924   9.04 252.00 0.25400 2.63499 3.77487
    0.97093E-07    0.94963E-08    0.10999E-06 0.77924   9.04 276.00 0.25400 2.63499 3.77487
    0.10699E-06    0.93250E-08    0.11126E-06 0.77924   9.04 300.00 0.25400 2.63499 3.77487
    0.10886E-06    0.99662E-08    0.10929E-06 0.77924   9.04 324.00 0.25400 2.63499 3.77487
    0.10188E-06    0.95775E-08    0.10710E-06 0.77924   9.04 348.00 0.25400 2.63499 3.77487
    0.85946E-07    0.82356E-08    0.93539E-07 0.77977  10.98  12.00 0.29100 2.61756 3.84605
    0.97259E-07    0.86337E-08    0.96020E-07 0.77977  10.98  36.00 0.29100 2.61756 3.84605
    0.10286E-06    0.89421E-08    0.98874E-07 0.77977  10.98  60.00 0.29100 2.61756 3.84605
    0.96570E-07    0.91115E-08    0.98147E-07 0.77977  10.98  84.00 0.29100 2.61756 3.84605
    0.96114E-07    0.82207E-08    0.92129E-07 0.77977  10.98 108.00 0.29100 2.61756 3.84605
    0.70397E-07    0.68858E-08    0.82511E-07 0.77977  10.98 132.00 0.29100 2.61756 3.84605
    0.67161E-07    0.69156E-08    0.73660E-07 0.77977  10.98 156.00 0.29100 2.61756 3.84605
    0.63439E-07    0.62144E-08    0.70080E-07 0.77977  10.98 180.00 0.29100 2.61756 3.84605
    0.73364E-07    0.76930E-08    0.73660E-07 0.77977  10.98 204.00 0.29100 2.61756 3.84605
    0.81570E-07    0.69834E-08    0.82511E-07 0.77977  10.98 228.00 0.29100 2.61756 3.84605
    0.86701E-07    0.73071E-08    0.92129E-07 0.77977  10.98 252.00 0.29100 2.61756 3.84605
    0.92920E-07    0.85176E-08    0.98147E-07 0.77977  10.98 276.00 0.29100 2.61756 3.84605
    0.10023E-06    0.84652E-08    0.98874E-07 0.77977  10.98 300.00 0.29100 2.61756 3.84605
    0.98577E-07    0.88313E-08    0.96020E-07 0.77977  10.98 324.00 0.29100 2.61756 3.84605
    0.92928E-07    0.88134E-08    0.93188E-07 0.77977  10.98 348.00 0.29100 2.61756 3.84605
    0.83214E-07    0.80445E-08    0.80419E-07 0.78021  13.20  12.00 0.33400 2.60706 3.88661
    0.88680E-07    0.78455E-08    0.83105E-07 0.78021  13.20  36.00 0.33400 2.60706 3.88661
    0.88667E-07    0.80151E-08    0.86644E-07 0.78021  13.20  60.00 0.33400 2.60706 3.88661
    0.97394E-07    0.84899E-08    0.86465E-07 0.78021  13.20  84.00 0.33400 2.60706 3.88661
    0.82171E-07    0.66594E-08    0.80622E-07 0.78021  13.20 108.00 0.33400 2.60706 3.88661
    0.65941E-07    0.59729E-08    0.70825E-07 0.78021  13.20 132.00 0.33400 2.60706 3.88661
    0.55688E-07    0.53438E-08    0.61678E-07 0.78021  13.20 156.00 0.33400 2.60706 3.88661
    0.49535E-07    0.47981E-08    0.57960E-07 0.78021  13.20 180.00 0.33400 2.60706 3.88661
    0.53586E-07    0.52971E-08    0.61678E-07 0.78021  13.20 204.00 0.33400 2.60706 3.88661
    0.63715E-07    0.57273E-08    0.70825E-07 0.78021  13.20 228.00 0.33400 2.60706 3.88661
    0.74110E-07    0.61733E-08    0.80622E-07 0.78021  13.20 252.00 0.33400 2.60706 3.88661
    0.78080E-07    0.70482E-08    0.86465E-07 0.78021  13.20 276.00 0.33400 2.60706 3.88661
    0.79791E-07    0.68553E-08    0.86644E-07 0.78021  13.20 300.00 0.33400 2.60706 3.88661
    0.79127E-07    0.72696E-08    0.83105E-07 0.78021  13.20 324.00 0.33400 2.60706 3.88661
    0.78086E-07    0.79491E-08    0.79802E-07 0.78021  13.20 348.00 0.33400 2.60706 3.88661
    0.68013E-07    0.65018E-08    0.59970E-07 0.78026  17.43  12.00 0.42900 2.59707 3.93161
    0.68645E-07    0.57787E-08    0.62159E-07 0.78026  17.43  36.00 0.42900 2.59707 3.93161
    0.65308E-07    0.49032E-08    0.65751E-07 0.78026  17.43  60.00 0.42900 2.59707 3.93161
    0.80611E-07    0.57109E-08    0.66142E-07 0.78026  17.43  84.00 0.42900 2.59707 3.93161
    0.69055E-07    0.49490E-08    0.61502E-07 0.78026  17.43 108.00 0.42900 2.59707 3.93161
    0.68729E-07    0.56209E-08    0.53258E-07 0.78026  17.43 132.00 0.42900 2.59707 3.93161
    0.52303E-07    0.48803E-08    0.45432E-07 0.78026  17.43 156.00 0.42900 2.59707 3.93161
    0.39915E-07    0.48196E-08    0.42233E-07 0.78026  17.43 180.00 0.42900 2.59707 3.93161
    0.44155E-07    0.45892E-08    0.45432E-07 0.78026  17.43 204.00 0.42900 2.59707 3.93161
    0.63824E-07    0.51474E-08    0.53258E-07 0.78026  17.43 228.00 0.42900 2.59707 3.93161
    0.65541E-07    0.46886E-08    0.61502E-07 0.78026  17.43 252.00 0.42900 2.59707 3.93161
    0.67517E-07    0.48600E-08    0.66142E-07 0.78026  17.43 276.00 0.42900 2.59707 3.93161
    0.67986E-07    0.50773E-08    0.65751E-07 0.78026  17.43 300.00 0.42900 2.59707 3.93161
    0.62913E-07    0.54044E-08    0.62159E-07 0.78026  17.43 324.00 0.42900 2.59707 3.93161
    0.59049E-07    0.61562E-08    0.58974E-07 0.78026  17.43 348.00 0.42900 2.59707 3.93161
