    0.11161E-06    0.54043E-08    0.90299E-07 0.28688   5.68  12.00 0.19800 2.67373 3.61680
    0.98210E-07    0.49648E-08    0.86734E-07 0.28688   5.68  36.00 0.19800 2.67373 3.61680
    0.86591E-07    0.49801E-08    0.80236E-07 0.28688   5.68  60.00 0.19800 2.67373 3.61680
    0.69350E-07    0.42995E-08    0.71951E-07 0.28688   5.68  84.00 0.19800 2.67373 3.61680
    0.62601E-07    0.37819E-08    0.63324E-07 0.28688   5.68 108.00 0.19800 2.67373 3.61680
    0.45995E-07    0.40253E-08    0.55841E-07 0.28688   5.68 132.00 0.19800 2.67373 3.61680
    0.44533E-07    0.41595E-08    0.50779E-07 0.28688   5.68 156.00 0.19800 2.67373 3.61680
    0.49045E-07    0.43260E-08    0.48992E-07 0.28688   5.68 180.00 0.19800 2.67373 3.61680
    0.55875E-07    0.55005E-08    0.50779E-07 0.28688   5.68 204.00 0.19800 2.67373 3.61680
    0.54656E-07    0.39670E-08    0.55841E-07 0.28688   5.68 228.00 0.19800 2.67373 3.61680
    0.62781E-07    0.41144E-08    0.63324E-07 0.28688   5.68 252.00 0.19800 2.67373 3.61680
    0.67934E-07    0.40262E-08    0.71951E-07 0.28688   5.68 276.00 0.19800 2.67373 3.61680
    0.77020E-07    0.48758E-08    0.80236E-07 0.28688   5.68 300.00 0.19800 2.67373 3.61680
    0.10552E-06    0.56609E-08    0.86734E-07 0.28688   5.68 324.00 0.19800 2.67373 3.61680
    0.11251E-06    0.54847E-08    0.90299E-07 0.28688   5.68 348.00 0.19800 2.67373 3.61680
    0.13130E-06    0.63801E-08    0.14241E-06 0.29140   9.01  12.00 0.25300 2.63597 3.77112
    0.11633E-06    0.54304E-08    0.13622E-06 0.29140   9.01  36.00 0.25300 2.63597 3.77112
    0.10914E-06    0.51877E-08    0.12494E-06 0.29140   9.01  60.00 0.25300 2.63597 3.77112
    0.78185E-07    0.44971E-08    0.11057E-06 0.29140   9.01  84.00 0.25300 2.63597 3.77112
    0.57024E-07    0.43043E-08    0.95614E-07 0.29140   9.01 108.00 0.25300 2.63597 3.77112
    0.58037E-07    0.42918E-08    0.82653E-07 0.29140   9.01 132.00 0.25300 2.63597 3.77112
    0.35371E-07    0.42222E-08    0.73889E-07 0.29140   9.01 156.00 0.25300 2.63597 3.77112
    0.46026E-07    0.50801E-08    0.70796E-07 0.29140   9.01 180.00 0.25300 2.63597 3.77112
    0.49950E-07    0.43824E-08    0.73889E-07 0.29140   9.01 204.00 0.25300 2.63597 3.77112
    0.53883E-07    0.41799E-08    0.82653E-07 0.29140   9.01 228.00 0.25300 2.63597 3.77112
    0.63796E-07    0.42908E-08    0.95614E-07 0.29140   9.01 252.00 0.25300 2.63597 3.77112
    0.66391E-07    0.42323E-08    0.11057E-06 0.29140   9.01 276.00 0.25300 2.63597 3.77112
    0.90487E-07    0.45313E-08    0.12494E-06 0.29140   9.01 300.00 0.25300 2.63597 3.77112
    0.11864E-06    0.61332E-08    0.13622E-06 0.29140   9.01 324.00 0.25300 2.63597 3.77112
    0.12222E-06    0.64463E-08    0.14241E-06 0.29140   9.01 348.00 0.25300 2.63597 3.77112
    0.12014E-06    0.59999E-08    0.18595E-06 0.29325  10.95  12.00 0.28900 2.62024 3.83474
    0.11108E-06    0.55244E-08    0.17810E-06 0.29325  10.95  36.00 0.28900 2.62024 3.83474
    0.85961E-07    0.42066E-08    0.16380E-06 0.29325  10.95  60.00 0.28900 2.62024 3.83474
    0.77603E-07    0.41003E-08    0.14557E-06 0.29325  10.95  84.00 0.28900 2.62024 3.83474
    0.61236E-07    0.39180E-08    0.12661E-06 0.29325  10.95 108.00 0.28900 2.62024 3.83474
    0.51326E-07    0.39445E-08    0.11018E-06 0.29325  10.95 132.00 0.28900 2.62024 3.83474
    0.40090E-07    0.42444E-08    0.99073E-07 0.29325  10.95 156.00 0.28900 2.62024 3.83474
    0.36317E-07    0.43678E-08    0.95152E-07 0.29325  10.95 180.00 0.28900 2.62024 3.83474
    0.41034E-07    0.40006E-08    0.99073E-07 0.29325  10.95 204.00 0.28900 2.62024 3.83474
    0.45249E-07    0.36249E-08    0.11018E-06 0.29325  10.95 228.00 0.28900 2.62024 3.83474
    0.57400E-07    0.38302E-08    0.12661E-06 0.29325  10.95 252.00 0.28900 2.62024 3.83474
    0.68060E-07    0.51163E-08    0.14557E-06 0.29325  10.95 276.00 0.28900 2.62024 3.83474
    0.84278E-07    0.41611E-08    0.16380E-06 0.29325  10.95 300.00 0.28900 2.62024 3.83474
    0.88759E-07    0.48559E-08    0.17810E-06 0.29325  10.95 324.00 0.28900 2.62024 3.83474
    0.11680E-06    0.60899E-08    0.18595E-06 0.29325  10.95 348.00 0.28900 2.62024 3.83474
    0.10881E-06    0.52731E-08    0.24978E-06 0.29460  13.10  12.00 0.33100 2.60941 3.87784
    0.12026E-06    0.84014E-08    0.24005E-06 0.29460  13.10  36.00 0.33100 2.60941 3.87784
    0.88908E-07    0.47111E-08    0.22234E-06 0.29460  13.10  60.00 0.33100 2.60941 3.87784
    0.75012E-07    0.48370E-08    0.19976E-06 0.29460  13.10  84.00 0.33100 2.60941 3.87784
    0.53934E-07    0.41669E-08    0.17628E-06 0.29460  13.10 108.00 0.33100 2.60941 3.87784
    0.51760E-07    0.53471E-08    0.15593E-06 0.29460  13.10 132.00 0.33100 2.60941 3.87784
    0.34823E-07    0.47318E-08    0.14218E-06 0.29460  13.10 156.00 0.33100 2.60941 3.87784
    0.55644E-07    0.68470E-08    0.13732E-06 0.29460  13.10 180.00 0.33100 2.60941 3.87784
    0.43384E-07    0.52058E-08    0.14218E-06 0.29460  13.10 204.00 0.33100 2.60941 3.87784
    0.51420E-07    0.43345E-08    0.15593E-06 0.29460  13.10 228.00 0.33100 2.60941 3.87784
    0.54359E-07    0.49293E-08    0.17628E-06 0.29460  13.10 252.00 0.33100 2.60941 3.87784
    0.68103E-07    0.41217E-08    0.19976E-06 0.29460  13.10 276.00 0.33100 2.60941 3.87784
    0.81132E-07    0.47696E-08    0.22234E-06 0.29460  13.10 300.00 0.33100 2.60941 3.87784
    0.87058E-07    0.45094E-08    0.24005E-06 0.29460  13.10 324.00 0.33100 2.60941 3.87784
    0.10842E-06    0.52831E-08    0.24978E-06 0.29460  13.10 348.00 0.33100 2.60941 3.87784
    0.13686E-06    0.63226E-08    0.47696E-06 0.29497  17.42  12.00 0.42700 2.60025 3.91888
    0.91272E-07    0.44131E-08    0.46341E-06 0.29497  17.42  36.00 0.42700 2.60025 3.91888
    0.88678E-07    0.46879E-08    0.43873E-06 0.29497  17.42  60.00 0.42700 2.60025 3.91888
    0.75159E-07    0.64364E-08    0.40729E-06 0.29497  17.42  84.00 0.42700 2.60025 3.91888
    0.82942E-07    0.55726E-08    0.37458E-06 0.29497  17.42 108.00 0.42700 2.60025 3.91888
    0.71980E-07    0.75216E-08    0.34624E-06 0.29497  17.42 132.00 0.42700 2.60025 3.91888
    0.94969E-07    0.12601E-07    0.32707E-06 0.29497  17.42 156.00 0.42700 2.60025 3.91888
    0.99863E-07    0.15318E-07    0.32031E-06 0.29497  17.42 180.00 0.42700 2.60025 3.91888
    0.94334E-07    0.13105E-07    0.32707E-06 0.29497  17.42 204.00 0.42700 2.60025 3.91888
    0.82795E-07    0.87414E-08    0.34624E-06 0.29497  17.42 228.00 0.42700 2.60025 3.91888
    0.71320E-07    0.51093E-08    0.37458E-06 0.29497  17.42 252.00 0.42700 2.60025 3.91888
    0.84867E-07    0.61986E-08    0.40729E-06 0.29497  17.42 276.00 0.42700 2.60025 3.91888
    0.77736E-07    0.44940E-08    0.43873E-06 0.29497  17.42 300.00 0.42700 2.60025 3.91888
    0.86149E-07    0.43125E-08    0.46341E-06 0.29497  17.42 324.00 0.42700 2.60025 3.91888
    0.11797E-06    0.61333E-08    0.47696E-06 0.29497  17.42 348.00 0.42700 2.60025 3.91888
