    0.15459E-06    0.13385E-07    0.14645E-06 0.77787   5.70  12.00 0.19800 2.67407 3.61614
    0.14811E-06    0.12620E-07    0.14212E-06 0.77787   5.70  36.00 0.19800 2.67407 3.61614
    0.13706E-06    0.11834E-07    0.13439E-06 0.77787   5.70  60.00 0.19800 2.67407 3.61614
    0.13513E-06    0.11427E-07    0.12484E-06 0.77787   5.70  84.00 0.19800 2.67407 3.61614
    0.11162E-06    0.11093E-07    0.11527E-06 0.77787   5.70 108.00 0.19800 2.67407 3.61614
    0.10470E-06    0.10468E-07    0.10727E-06 0.77787   5.70 132.00 0.19800 2.67407 3.61614
    0.11648E-06    0.10765E-07    0.10202E-06 0.77787   5.70 156.00 0.19800 2.67407 3.61614
    0.93289E-07    0.79638E-08    0.10020E-06 0.77787   5.70 180.00 0.19800 2.67407 3.61614
    0.90962E-07    0.79417E-08    0.10202E-06 0.77787   5.70 204.00 0.19800 2.67407 3.61614
    0.96226E-07    0.91488E-08    0.10727E-06 0.77787   5.70 228.00 0.19800 2.67407 3.61614
    0.97474E-07    0.99154E-08    0.11527E-06 0.77787   5.70 252.00 0.19800 2.67407 3.61614
    0.12164E-06    0.10663E-07    0.12484E-06 0.77787   5.70 276.00 0.19800 2.67407 3.61614
    0.11647E-06    0.98896E-08    0.13439E-06 0.77787   5.70 300.00 0.19800 2.67407 3.61614
    0.13689E-06    0.11838E-07    0.14212E-06 0.77787   5.70 324.00 0.19800 2.67407 3.61614
    0.14937E-06    0.12994E-07    0.14645E-06 0.77787   5.70 348.00 0.19800 2.67407 3.61614
    0.10271E-06    0.97264E-08    0.11287E-06 0.77924   9.04  12.00 0.25400 2.63499 3.77487
    0.10104E-06    0.95298E-08    0.10846E-06 0.77924   9.04  36.00 0.25400 2.63499 3.77487
    0.94545E-07    0.86744E-08    0.10034E-06 0.77924   9.04  60.00 0.25400 2.63499 3.77487
    0.10137E-06    0.95443E-08    0.89825E-07 0.77924   9.04  84.00 0.25400 2.63499 3.77487
    0.94243E-07    0.91527E-08    0.78685E-07 0.77924   9.04 108.00 0.25400 2.63499 3.77487
    0.73936E-07    0.66678E-08    0.68863E-07 0.77924   9.04 132.00 0.25400 2.63499 3.77487
    0.53067E-07    0.49112E-08    0.62133E-07 0.77924   9.04 156.00 0.25400 2.63499 3.77487
    0.48677E-07    0.52095E-08    0.59740E-07 0.77924   9.04 180.00 0.25400 2.63499 3.77487
    0.44123E-07    0.48128E-08    0.62133E-07 0.77924   9.04 204.00 0.25400 2.63499 3.77487
    0.68979E-07    0.59131E-08    0.68863E-07 0.77924   9.04 228.00 0.25400 2.63499 3.77487
    0.81371E-07    0.79435E-08    0.78685E-07 0.77924   9.04 252.00 0.25400 2.63499 3.77487
    0.83818E-07    0.82076E-08    0.89825E-07 0.77924   9.04 276.00 0.25400 2.63499 3.77487
    0.97624E-07    0.84968E-08    0.10034E-06 0.77924   9.04 300.00 0.25400 2.63499 3.77487
    0.10502E-06    0.95774E-08    0.10846E-06 0.77924   9.04 324.00 0.25400 2.63499 3.77487
    0.10116E-06    0.94860E-08    0.11287E-06 0.77924   9.04 348.00 0.25400 2.63499 3.77487
    0.83141E-07    0.79085E-08    0.10264E-06 0.77977  10.98  12.00 0.29100 2.61756 3.84605
    0.92444E-07    0.81739E-08    0.98580E-07 0.77977  10.98  36.00 0.29100 2.61756 3.84605
    0.94706E-07    0.82260E-08    0.90879E-07 0.77977  10.98  60.00 0.29100 2.61756 3.84605
    0.86618E-07    0.80953E-08    0.80475E-07 0.77977  10.98  84.00 0.29100 2.61756 3.84605
    0.78834E-07    0.67350E-08    0.68936E-07 0.77977  10.98 108.00 0.29100 2.61756 3.84605
    0.55143E-07    0.54133E-08    0.58338E-07 0.77977  10.98 132.00 0.29100 2.61756 3.84605
    0.47943E-07    0.50762E-08    0.50854E-07 0.77977  10.98 156.00 0.29100 2.61756 3.84605
    0.45992E-07    0.45305E-08    0.48151E-07 0.77977  10.98 180.00 0.29100 2.61756 3.84605
    0.53911E-07    0.56811E-08    0.50854E-07 0.77977  10.98 204.00 0.29100 2.61756 3.84605
    0.63734E-07    0.54719E-08    0.58338E-07 0.77977  10.98 228.00 0.29100 2.61756 3.84605
    0.70999E-07    0.59828E-08    0.68936E-07 0.77977  10.98 252.00 0.29100 2.61756 3.84605
    0.81671E-07    0.74603E-08    0.80475E-07 0.77977  10.98 276.00 0.29100 2.61756 3.84605
    0.92102E-07    0.77864E-08    0.90879E-07 0.77977  10.98 300.00 0.29100 2.61756 3.84605
    0.92985E-07    0.83176E-08    0.98580E-07 0.77977  10.98 324.00 0.29100 2.61756 3.84605
    0.88904E-07    0.84262E-08    0.10264E-06 0.77977  10.98 348.00 0.29100 2.61756 3.84605
    0.75135E-07    0.72532E-08    0.93823E-07 0.78021  13.20  12.00 0.33400 2.60706 3.88661
    0.79416E-07    0.71025E-08    0.90320E-07 0.78021  13.20  36.00 0.33400 2.60706 3.88661
    0.79605E-07    0.72089E-08    0.83329E-07 0.78021  13.20  60.00 0.33400 2.60706 3.88661
    0.86135E-07    0.74447E-08    0.73273E-07 0.78021  13.20  84.00 0.33400 2.60706 3.88661
    0.68224E-07    0.55236E-08    0.61423E-07 0.78021  13.20 108.00 0.33400 2.60706 3.88661
    0.52241E-07    0.47383E-08    0.49993E-07 0.78021  13.20 132.00 0.33400 2.60706 3.88661
    0.41697E-07    0.40161E-08    0.41647E-07 0.78021  13.20 156.00 0.33400 2.60706 3.88661
    0.36150E-07    0.35085E-08    0.38580E-07 0.78021  13.20 180.00 0.33400 2.60706 3.88661
    0.39604E-07    0.39382E-08    0.41647E-07 0.78021  13.20 204.00 0.33400 2.60706 3.88661
    0.50601E-07    0.45594E-08    0.49993E-07 0.78021  13.20 228.00 0.33400 2.60706 3.88661
    0.62277E-07    0.51709E-08    0.61423E-07 0.78021  13.20 252.00 0.33400 2.60706 3.88661
    0.68979E-07    0.62439E-08    0.73273E-07 0.78021  13.20 276.00 0.33400 2.60706 3.88661
    0.74760E-07    0.64121E-08    0.83329E-07 0.78021  13.20 300.00 0.33400 2.60706 3.88661
    0.72870E-07    0.66883E-08    0.90320E-07 0.78021  13.20 324.00 0.33400 2.60706 3.88661
    0.70249E-07    0.71618E-08    0.93823E-07 0.78021  13.20 348.00 0.33400 2.60706 3.88661
    0.56504E-07    0.54403E-08    0.78133E-07 0.78026  17.43  12.00 0.42900 2.59707 3.93161
    0.65187E-07    0.54094E-08    0.76091E-07 0.78026  17.43  36.00 0.42900 2.59707 3.93161
    0.62813E-07    0.46947E-08    0.71094E-07 0.78026  17.43  60.00 0.42900 2.59707 3.93161
    0.68715E-07    0.48841E-08    0.62313E-07 0.78026  17.43  84.00 0.42900 2.59707 3.93161
    0.54228E-07    0.38805E-08    0.50265E-07 0.78026  17.43 108.00 0.42900 2.59707 3.93161
    0.46674E-07    0.38190E-08    0.37388E-07 0.78026  17.43 132.00 0.42900 2.59707 3.93161
    0.32835E-07    0.30632E-08    0.27383E-07 0.78026  17.43 156.00 0.42900 2.59707 3.93161
    0.23701E-07    0.28595E-08    0.23599E-07 0.78026  17.43 180.00 0.42900 2.59707 3.93161
    0.27995E-07    0.29074E-08    0.27383E-07 0.78026  17.43 204.00 0.42900 2.59707 3.93161
    0.44739E-07    0.36056E-08    0.37388E-07 0.78026  17.43 228.00 0.42900 2.59707 3.93161
    0.53714E-07    0.38429E-08    0.50265E-07 0.78026  17.43 252.00 0.42900 2.59707 3.93161
    0.61270E-07    0.43705E-08    0.62313E-07 0.78026  17.43 276.00 0.42900 2.59707 3.93161
    0.65499E-07    0.48871E-08    0.71094E-07 0.78026  17.43 300.00 0.42900 2.59707 3.93161
    0.59319E-07    0.50781E-08    0.76091E-07 0.78026  17.43 324.00 0.42900 2.59707 3.93161
    0.50145E-07    0.52478E-08    0.78133E-07 0.78026  17.43 348.00 0.42900 2.59707 3.93161
