    0.99505E-07    0.95305E-08    0.92427E-07 0.28672   5.70  12.00 0.19800 2.67407 3.61614
    0.10266E-06    0.11656E-07    0.90246E-07 0.28672   5.70  36.00 0.19800 2.67407 3.61614
    0.87250E-07    0.79631E-08    0.86329E-07 0.28672   5.70  60.00 0.19800 2.67407 3.61614
    0.80774E-07    0.66670E-08    0.81441E-07 0.28672   5.70  84.00 0.19800 2.67407 3.61614
    0.67617E-07    0.56040E-08    0.76480E-07 0.28672   5.70 108.00 0.19800 2.67407 3.61614
    0.77347E-07    0.53926E-08    0.72286E-07 0.28672   5.70 132.00 0.19800 2.67407 3.61614
    0.75185E-07    0.52339E-08    0.69506E-07 0.28672   5.70 156.00 0.19800 2.67407 3.61614
    0.68383E-07    0.44809E-08    0.68535E-07 0.28672   5.70 180.00 0.19800 2.67407 3.61614
    0.77101E-07    0.48949E-08    0.69506E-07 0.28672   5.70 204.00 0.19800 2.67407 3.61614
    0.74520E-07    0.52573E-08    0.72286E-07 0.28672   5.70 228.00 0.19800 2.67407 3.61614
    0.80196E-07    0.64290E-08    0.76480E-07 0.28672   5.70 252.00 0.19800 2.67407 3.61614
    0.81899E-07    0.67382E-08    0.81441E-07 0.28672   5.70 276.00 0.19800 2.67407 3.61614
    0.77279E-07    0.72707E-08    0.86329E-07 0.28672   5.70 300.00 0.19800 2.67407 3.61614
    0.80719E-07    0.86406E-08    0.90246E-07 0.28672   5.70 324.00 0.19800 2.67407 3.61614
    0.86818E-07    0.98979E-08    0.92427E-07 0.28672   5.70 348.00 0.19800 2.67407 3.61614
    0.75009E-07    0.92415E-08    0.84230E-07 0.29155   9.04  12.00 0.25400 2.63499 3.77487
    0.85211E-07    0.84186E-08    0.81912E-07 0.29155   9.04  36.00 0.25400 2.63499 3.77487
    0.75525E-07    0.81924E-08    0.77654E-07 0.29155   9.04  60.00 0.25400 2.63499 3.77487
    0.72388E-07    0.61424E-08    0.72159E-07 0.29155   9.04  84.00 0.25400 2.63499 3.77487
    0.63477E-07    0.52255E-08    0.66359E-07 0.29155   9.04 108.00 0.25400 2.63499 3.77487
    0.66152E-07    0.40045E-08    0.61262E-07 0.29155   9.04 132.00 0.25400 2.63499 3.77487
    0.60982E-07    0.40206E-08    0.57780E-07 0.29155   9.04 156.00 0.25400 2.63499 3.77487
    0.63819E-07    0.43183E-08    0.56543E-07 0.29155   9.04 180.00 0.25400 2.63499 3.77487
    0.64070E-07    0.39560E-08    0.57780E-07 0.29155   9.04 204.00 0.25400 2.63499 3.77487
    0.66736E-07    0.40852E-08    0.61262E-07 0.29155   9.04 228.00 0.25400 2.63499 3.77487
    0.78873E-07    0.53817E-08    0.66359E-07 0.29155   9.04 252.00 0.25400 2.63499 3.77487
    0.63041E-07    0.55131E-08    0.72159E-07 0.29155   9.04 276.00 0.25400 2.63499 3.77487
    0.74641E-07    0.66423E-08    0.77654E-07 0.29155   9.04 300.00 0.25400 2.63499 3.77487
    0.67200E-07    0.75328E-08    0.81912E-07 0.29155   9.04 324.00 0.25400 2.63499 3.77487
    0.76347E-07    0.81924E-08    0.84230E-07 0.29155   9.04 348.00 0.25400 2.63499 3.77487
    0.65432E-07    0.73773E-08    0.81355E-07 0.29348  10.98  12.00 0.29100 2.61756 3.84605
    0.67789E-07    0.79151E-08    0.79146E-07 0.29348  10.98  36.00 0.29100 2.61756 3.84605
    0.67959E-07    0.61839E-08    0.75002E-07 0.29348  10.98  60.00 0.29100 2.61756 3.84605
    0.57485E-07    0.45750E-08    0.69491E-07 0.29348  10.98  84.00 0.29100 2.61756 3.84605
    0.59808E-07    0.40702E-08    0.63481E-07 0.29348  10.98 108.00 0.29100 2.61756 3.84605
    0.49935E-07    0.32764E-08    0.58040E-07 0.29348  10.98 132.00 0.29100 2.61756 3.84605
    0.53587E-07    0.38225E-08    0.54238E-07 0.29348  10.98 156.00 0.29100 2.61756 3.84605
    0.55139E-07    0.39201E-08    0.52872E-07 0.29348  10.98 180.00 0.29100 2.61756 3.84605
    0.57983E-07    0.39247E-08    0.54238E-07 0.29348  10.98 204.00 0.29100 2.61756 3.84605
    0.59453E-07    0.37293E-08    0.58040E-07 0.29348  10.98 228.00 0.29100 2.61756 3.84605
    0.61734E-07    0.39693E-08    0.63481E-07 0.29348  10.98 252.00 0.29100 2.61756 3.84605
    0.65511E-07    0.51877E-08    0.69491E-07 0.29348  10.98 276.00 0.29100 2.61756 3.84605
    0.65644E-07    0.59046E-08    0.75002E-07 0.29348  10.98 300.00 0.29100 2.61756 3.84605
    0.68556E-07    0.69115E-08    0.79146E-07 0.29348  10.98 324.00 0.29100 2.61756 3.84605
    0.55747E-07    0.66912E-08    0.81355E-07 0.29348  10.98 348.00 0.29100 2.61756 3.84605
    0.63563E-07    0.79961E-08    0.76907E-07 0.29498  13.20  12.00 0.33400 2.60706 3.88661
    0.65940E-07    0.80287E-08    0.74894E-07 0.29498  13.20  36.00 0.33400 2.60706 3.88661
    0.58798E-07    0.52952E-08    0.70992E-07 0.29498  13.20  60.00 0.33400 2.60706 3.88661
    0.50086E-07    0.40623E-08    0.65578E-07 0.29498  13.20  84.00 0.33400 2.60706 3.88661
    0.53545E-07    0.40137E-08    0.59413E-07 0.29498  13.20 108.00 0.33400 2.60706 3.88661
    0.52205E-07    0.36640E-08    0.53625E-07 0.29498  13.20 132.00 0.33400 2.60706 3.88661
    0.52127E-07    0.37202E-08    0.49473E-07 0.29498  13.20 156.00 0.33400 2.60706 3.88661
    0.51770E-07    0.36668E-08    0.47962E-07 0.29498  13.20 180.00 0.33400 2.60706 3.88661
    0.61644E-07    0.41473E-08    0.49473E-07 0.29498  13.20 204.00 0.33400 2.60706 3.88661
    0.57928E-07    0.38779E-08    0.53625E-07 0.29498  13.20 228.00 0.33400 2.60706 3.88661
    0.54897E-07    0.38519E-08    0.59413E-07 0.29498  13.20 252.00 0.33400 2.60706 3.88661
    0.56372E-07    0.46193E-08    0.65578E-07 0.29498  13.20 276.00 0.33400 2.60706 3.88661
    0.64600E-07    0.59192E-08    0.70992E-07 0.29498  13.20 300.00 0.33400 2.60706 3.88661
    0.56309E-07    0.63225E-08    0.74894E-07 0.29498  13.20 324.00 0.33400 2.60706 3.88661
    0.61453E-07    0.84973E-08    0.76907E-07 0.29498  13.20 348.00 0.33400 2.60706 3.88661
    0.61594E-07    0.97899E-08    0.66140E-07 0.29533  17.43  12.00 0.42900 2.59707 3.93161
    0.56606E-07    0.77371E-08    0.64689E-07 0.29533  17.43  36.00 0.42900 2.59707 3.93161
    0.53163E-07    0.58766E-08    0.61560E-07 0.29533  17.43  60.00 0.42900 2.59707 3.93161
    0.45283E-07    0.40948E-08    0.56652E-07 0.29533  17.43  84.00 0.42900 2.59707 3.93161
    0.38354E-07    0.30923E-08    0.50436E-07 0.29533  17.43 108.00 0.42900 2.59707 3.93161
    0.39124E-07    0.28054E-08    0.44119E-07 0.29533  17.43 132.00 0.42900 2.59707 3.93161
    0.36811E-07    0.29411E-08    0.39353E-07 0.29533  17.43 156.00 0.42900 2.59707 3.93161
    0.37845E-07    0.28753E-08    0.37575E-07 0.29533  17.43 180.00 0.42900 2.59707 3.93161
    0.39694E-07    0.29587E-08    0.39353E-07 0.29533  17.43 204.00 0.42900 2.59707 3.93161
    0.42461E-07    0.30199E-08    0.44119E-07 0.29533  17.43 228.00 0.42900 2.59707 3.93161
    0.41309E-07    0.33027E-08    0.50436E-07 0.29533  17.43 252.00 0.42900 2.59707 3.93161
    0.43072E-07    0.41750E-08    0.56652E-07 0.29533  17.43 276.00 0.42900 2.59707 3.93161
    0.59248E-07    0.52970E-08    0.61560E-07 0.29533  17.43 300.00 0.42900 2.59707 3.93161
    0.57620E-07    0.72171E-08    0.64689E-07 0.29533  17.43 324.00 0.42900 2.59707 3.93161
    0.79564E-07    0.11059E-07    0.66140E-07 0.29533  17.43 348.00 0.42900 2.59707 3.93161
